Stability configuration: 16 slices, 500 measurements, 32 channels

Stability SI results:

slice#	min	max	mean	sd	sd[%]	P2P[%]
 1	402.36	403.65	402.89	0.255	0.063	0.320
 2	414.14	415.42	414.74	0.239	0.058	0.309
 3	425.28	426.52	425.84	0.225	0.053	0.293
 4	437.28	438.48	437.76	0.221	0.050	0.276
 5	449.56	450.76	450.08	0.194	0.043	0.266
 6	461.76	462.68	462.15	0.168	0.036	0.199
 7	472.99	474.03	473.46	0.163	0.034	0.220
 8	483.12	484.10	483.56	0.154	0.032	0.202
 9	492.29	493.03	492.67	0.136	0.028	0.149
10	501.85	502.76	502.33	0.141	0.028	0.180
11	514.00	514.89	514.46	0.152	0.030	0.172
12	528.88	529.76	529.32	0.156	0.029	0.165
13	546.78	547.91	547.29	0.179	0.033	0.208
14	570.31	571.44	570.87	0.203	0.036	0.198
15	602.54	604.25	603.37	0.256	0.042	0.284
16	648.86	650.36	649.61	0.277	0.043	0.232


Stability SIfit results:

slice#	min	max	mean	sd	sd[%]	P2P[%]
 1	403.11	403.79	403.42	0.122	0.030	0.169
 2	414.41	415.53	415.21	0.121	0.029	0.270
 3	425.88	426.60	426.27	0.125	0.029	0.167
 4	437.86	438.54	438.20	0.125	0.029	0.156
 5	450.05	450.82	450.42	0.125	0.028	0.171
 6	462.06	462.94	462.41	0.125	0.027	0.191
 7	473.19	474.08	473.71	0.131	0.028	0.187
 8	483.34	484.16	483.73	0.135	0.028	0.170
 9	492.40	493.15	492.79	0.128	0.026	0.152
10	501.94	502.78	502.40	0.139	0.028	0.166
11	514.12	514.93	514.52	0.143	0.028	0.157
12	528.90	529.68	529.27	0.140	0.026	0.147
13	546.78	547.68	547.20	0.149	0.027	0.164
14	570.11	571.17	570.68	0.150	0.026	0.185
15	602.54	603.73	603.12	0.184	0.030	0.197
16	648.70	649.79	649.30	0.174	0.027	0.167


Stability SNR results:

slice#	min	max	mean	sd	sd[%]	P2P[%]
 1	300.27	632.87	434.79	61.258	14.089	76.495
 2	315.70	664.60	441.30	59.502	13.483	79.062
 3	300.29	658.38	411.24	52.618	12.795	87.077
 4	273.60	520.14	365.38	43.862	12.005	67.474
 5	233.33	412.30	314.34	33.433	10.636	56.934
 6	209.91	390.25	283.47	29.911	10.552	63.620
 7	210.71	385.68	270.26	26.920	9.961	64.741
 8	213.68	403.74	279.61	30.289	10.832	67.973
 9	250.13	485.55	328.42	36.552	11.130	71.684
10	271.77	582.07	378.77	47.334	12.497	81.923
11	243.22	471.70	311.24	31.543	10.135	73.409
12	232.91	440.51	316.85	32.901	10.384	65.518
13	213.37	327.57	264.45	21.723	8.214	43.185
14	173.83	267.87	218.13	15.437	7.077	43.110
15	144.17	194.35	167.58	8.501	5.073	29.948
16	189.00	264.07	217.99	13.771	6.318	34.439


Stability ghost results:

slice#	min	max	mean	sd	sd[%]	P2P[%]
 1	2.25	2.43	2.34	0.031	1.337	7.648
 2	2.42	2.60	2.51	0.032	1.288	7.187
 3	2.45	2.64	2.55	0.032	1.242	7.320
 4	2.48	2.66	2.55	0.028	1.109	6.910
 5	2.41	2.59	2.50	0.029	1.152	7.063
 6	2.27	2.44	2.35	0.029	1.222	6.946
 7	2.39	2.55	2.47	0.028	1.123	6.646
 8	2.36	2.52	2.45	0.026	1.052	6.395
 9	2.30	2.44	2.36	0.024	1.004	5.967
10	2.33	2.47	2.39	0.026	1.107	5.730
11	2.31	2.46	2.38	0.026	1.100	6.369
12	2.37	2.53	2.44	0.028	1.150	6.431
13	2.48	2.66	2.56	0.032	1.254	6.996
14	2.58	2.76	2.65	0.029	1.103	7.132
15	2.53	2.72	2.61	0.034	1.301	7.370
16	2.67	2.90	2.75	0.038	1.378	8.543


Stability fit results:

slice#	p[0]	p[1]	p[2]	chisq
 1	+403.419203	-0.003500	+0.000004	+7.470164
 2	+415.208951	-0.002971	+0.000003	+7.250506
 3	+426.268865	-0.002683	+0.000003	+7.750729
 4	+438.204609	-0.002937	+0.000004	+7.784850
 5	+450.423552	-0.002240	+0.000003	+7.794763
 6	+462.411979	-0.001727	+0.000002	+7.842116
 7	+473.708104	-0.001796	+0.000002	+8.605209
 8	+483.729189	-0.001113	+0.000001	+9.035549
 9	+492.794989	-0.001072	+0.000002	+8.176621
10	+502.404217	-0.000759	+0.000001	+9.594694
11	+514.523394	-0.001095	+0.000003	+10.193400
12	+529.273632	-0.000300	+0.000001	+9.763720
13	+547.202018	-0.000244	+0.000002	+11.067244
14	+570.675063	+0.000520	+0.000001	+11.292208
15	+603.118006	+0.000613	+0.000001	+16.806342
16	+649.304480	+0.000719	+0.000002	+15.093727
