Stability configuration: 16 slices, 500 measurements, 32 channels

Stability SI results:

slice#	min	max	mean	sd	sd[%]	P2P[%]
 1	426.39	427.86	427.16	0.262	0.061	0.344
 2	437.50	438.74	438.09	0.246	0.056	0.283
 3	446.85	448.21	447.58	0.239	0.053	0.305
 4	457.10	458.37	457.75	0.244	0.053	0.278
 5	467.23	468.39	467.81	0.232	0.050	0.248
 6	477.16	478.36	477.76	0.225	0.047	0.251
 7	486.28	487.57	486.86	0.228	0.047	0.266
 8	494.38	495.57	495.01	0.210	0.043	0.242
 9	501.96	503.02	502.46	0.210	0.042	0.210
10	510.11	511.25	510.63	0.210	0.041	0.222
11	521.03	522.17	521.57	0.213	0.041	0.219
12	536.52	537.63	537.05	0.205	0.038	0.207
13	557.44	558.64	558.01	0.203	0.036	0.214
14	584.07	585.21	584.65	0.197	0.034	0.195
15	618.57	619.69	619.19	0.193	0.031	0.182
16	666.69	667.95	667.34	0.206	0.031	0.188


Stability SIfit results:

slice#	min	max	mean	sd	sd[%]	P2P[%]
 1	427.18	428.01	427.57	0.122	0.029	0.195
 2	437.67	438.82	438.46	0.116	0.026	0.261
 3	447.52	448.34	447.95	0.115	0.026	0.183
 4	457.78	458.41	458.12	0.122	0.027	0.139
 5	467.79	468.57	468.15	0.122	0.026	0.165
 6	477.68	478.44	478.08	0.127	0.027	0.160
 7	486.85	487.64	487.19	0.128	0.026	0.162
 8	494.79	495.64	495.29	0.125	0.025	0.171
 9	502.29	503.14	502.73	0.132	0.026	0.169
10	510.41	511.33	510.89	0.140	0.027	0.179
11	521.34	522.21	521.86	0.146	0.028	0.168
12	536.93	537.83	537.31	0.149	0.028	0.167
13	557.79	558.75	558.25	0.160	0.029	0.172
14	584.38	585.40	584.84	0.166	0.028	0.174
15	618.87	619.87	619.38	0.165	0.027	0.162
16	666.90	668.01	667.49	0.184	0.028	0.166


Stability SNR results:

slice#	min	max	mean	sd	sd[%]	P2P[%]
 1	301.54	763.69	449.75	60.679	13.492	102.759
 2	321.75	764.81	460.88	60.294	13.082	96.132
 3	330.95	632.80	448.75	56.869	12.673	67.264
 4	299.38	600.87	423.95	53.128	12.532	71.116
 5	301.60	644.28	434.22	59.408	13.681	78.918
 6	313.68	617.29	419.03	50.881	12.143	72.455
 7	251.83	458.55	339.76	36.408	10.716	60.842
 8	217.12	419.39	295.23	30.798	10.432	68.514
 9	213.59	361.96	271.14	25.418	9.375	54.721
10	219.96	345.89	273.85	23.660	8.640	45.983
11	224.59	404.10	283.84	27.505	9.690	63.243
12	212.56	343.15	264.79	23.363	8.823	49.319
13	186.75	296.39	232.92	18.260	7.839	47.072
14	158.48	235.23	191.84	11.628	6.061	40.008
15	180.12	262.10	208.70	12.729	6.099	39.280
16	154.54	208.50	177.08	9.027	5.098	30.468


Stability ghost results:

slice#	min	max	mean	sd	sd[%]	P2P[%]
 1	2.26	2.41	2.33	0.026	1.122	6.270
 2	2.38	2.55	2.47	0.029	1.158	7.068
 3	2.35	2.51	2.44	0.028	1.148	6.575
 4	2.38	2.53	2.46	0.029	1.163	5.989
 5	2.36	2.53	2.44	0.026	1.069	6.971
 6	2.38	2.54	2.45	0.026	1.074	6.696
 7	2.41	2.57	2.48	0.026	1.061	6.224
 8	2.40	2.56	2.47	0.024	0.968	6.517
 9	2.29	2.45	2.36	0.025	1.078	6.636
10	2.32	2.46	2.39	0.026	1.090	6.096
11	2.27	2.43	2.36	0.025	1.077	6.753
12	2.30	2.45	2.38	0.024	0.994	6.238
13	2.28	2.42	2.36	0.025	1.076	5.950
14	2.39	2.53	2.46	0.023	0.953	5.580
15	2.79	2.91	2.85	0.020	0.715	3.876
16	2.91	3.03	2.97	0.022	0.754	4.019


Stability fit results:

slice#	p[0]	p[1]	p[2]	chisq
 1	+427.568471	-0.001666	+0.000000	+7.441123
 2	+438.460316	-0.001494	-0.000000	+6.659228
 3	+447.949880	-0.001569	+0.000000	+6.641980
 4	+458.116553	-0.001419	-0.000000	+7.385461
 5	+468.152552	-0.001398	+0.000000	+7.405666
 6	+478.083698	-0.001263	-0.000000	+8.064577
 7	+487.187928	-0.001283	-0.000000	+8.206787
 8	+495.287696	-0.001004	-0.000000	+7.841172
 9	+502.732146	-0.001015	-0.000000	+8.676514
10	+510.893523	-0.001009	-0.000000	+9.800167
11	+521.864556	-0.001438	+0.000001	+10.691311
12	+537.311455	-0.001181	+0.000000	+11.052152
13	+558.250067	-0.001188	+0.000001	+12.784189
14	+584.844810	-0.000876	+0.000000	+13.689422
15	+619.375534	-0.000832	+0.000000	+13.594969
16	+667.489655	-0.000557	-0.000000	+16.818390


