Stability configuration: 16 slices, 500 measurements, 48 channels

Stability SI results:

slice#	min	max	mean	sd	sd[%]	P2P[%]
 1	1043.39	1050.08	1046.39	1.571	0.150	0.639
 2	1013.03	1019.40	1015.89	1.467	0.144	0.627
 3	990.36	995.95	992.63	1.382	0.139	0.562
 4	980.81	986.17	983.20	1.345	0.137	0.545
 5	980.85	986.48	983.36	1.309	0.133	0.572
 6	987.34	993.01	989.89	1.317	0.133	0.573
 7	994.05	1000.14	997.06	1.297	0.130	0.611
 8	1000.23	1005.89	1002.86	1.292	0.129	0.565
 9	1005.13	1010.19	1007.23	1.237	0.123	0.503
10	1012.11	1017.29	1014.51	1.251	0.123	0.510
11	1026.35	1031.74	1028.76	1.234	0.120	0.524
12	1052.43	1058.03	1054.87	1.263	0.120	0.531
13	1085.13	1091.15	1087.93	1.349	0.124	0.553
14	1122.57	1128.43	1125.22	1.365	0.121	0.521
15	1162.90	1169.04	1165.52	1.478	0.127	0.527
16	1195.19	1201.57	1198.21	1.564	0.131	0.533


Stability SIfit results:

slice#	min	max	mean	sd	sd[%]	P2P[%]
 1	1048.45	1050.28	1049.35	0.321	0.031	0.174
 2	1017.73	1019.49	1018.63	0.303	0.030	0.174
 3	994.44	996.27	995.27	0.287	0.029	0.185
 4	984.94	986.80	985.77	0.275	0.028	0.188
 5	985.22	986.90	985.89	0.279	0.028	0.171
 6	991.61	993.32	992.38	0.297	0.030	0.172
 7	998.39	1000.40	999.49	0.291	0.029	0.201
 8	1004.51	1006.14	1005.24	0.279	0.028	0.161
 9	1008.82	1010.38	1009.58	0.271	0.027	0.155
10	1016.01	1017.76	1016.82	0.302	0.030	0.173
11	1030.24	1031.89	1031.04	0.303	0.029	0.160
12	1056.39	1058.09	1057.21	0.305	0.029	0.161
13	1089.58	1091.26	1090.48	0.304	0.028	0.154
14	1126.83	1128.58	1127.82	0.313	0.028	0.155
15	1167.12	1169.13	1168.21	0.335	0.029	0.171
16	1199.91	1202.21	1201.11	0.331	0.028	0.191


Stability SNR results:

slice#	min	max	mean	sd	sd[%]	P2P[%]
 1	249.42	455.25	326.39	33.500	10.264	63.062
 2	276.09	506.06	363.41	38.499	10.594	63.283
 3	292.22	567.97	395.62	41.929	10.598	69.702
 4	273.74	558.79	382.88	44.198	11.544	74.448
 5	247.47	451.84	326.36	35.014	10.729	62.622
 6	211.31	379.61	272.28	25.296	9.290	61.810
 7	187.63	302.35	240.10	20.494	8.535	47.780
 8	184.54	299.00	228.80	18.518	8.094	50.025
 9	181.88	298.34	231.41	19.510	8.431	50.327
10	188.12	311.43	233.82	19.047	8.146	52.739
11	197.34	325.76	250.06	22.596	9.036	51.358
12	201.74	336.93	259.11	22.800	8.799	52.174
13	177.74	284.29	219.19	16.519	7.536	48.610
14	180.24	278.66	215.20	15.689	7.291	45.732
15	176.13	266.84	211.45	15.920	7.529	42.897
16	165.43	242.94	203.91	12.969	6.360	38.013


Stability ghost results:

slice#	min	max	mean	sd	sd[%]	P2P[%]
 1	2.46	2.60	2.52	0.023	0.893	5.342
 2	2.34	2.48	2.41	0.022	0.917	5.859
 3	2.36	2.49	2.44	0.023	0.944	5.598
 4	2.32	2.45	2.37	0.022	0.936	5.606
 5	2.29	2.41	2.35	0.021	0.876	5.261
 6	2.26	2.38	2.32	0.021	0.905	5.306
 7	2.30	2.43	2.37	0.023	0.955	5.655
 8	2.16	2.30	2.24	0.022	0.965	6.318
 9	2.25	2.41	2.34	0.023	0.967	6.899
10	2.39	2.53	2.46	0.023	0.925	5.443
11	2.53	2.69	2.60	0.024	0.921	6.105
12	2.66	2.79	2.73	0.025	0.905	4.902
13	2.80	2.94	2.87	0.026	0.908	4.928
14	3.00	3.15	3.08	0.025	0.825	4.791
15	3.26	3.39	3.32	0.024	0.710	4.083
16	3.25	3.41	3.32	0.026	0.772	4.967


Stability fit results:

slice#	p[0]	p[1]	p[2]	chisq
 1	+1049.345932	-0.014401	+0.000008	+51.359993
 2	+1018.625115	-0.013109	+0.000006	+45.750211
 3	+995.266333	-0.013144	+0.000008	+40.993060
 4	+985.768682	-0.012760	+0.000007	+37.614701
 5	+985.894984	-0.012879	+0.000008	+38.703759
 6	+992.381173	-0.012349	+0.000007	+43.967582
 7	+999.489855	-0.011857	+0.000006	+42.315228
 8	+1005.239336	-0.011161	+0.000005	+38.856429
 9	+1009.580941	-0.011690	+0.000007	+36.658173
10	+1016.820223	-0.011060	+0.000005	+45.548408
11	+1031.044113	-0.010921	+0.000005	+45.920821
12	+1057.214974	-0.011344	+0.000006	+46.350901
13	+1090.478803	-0.012546	+0.000007	+45.982034
14	+1127.818671	-0.012977	+0.000008	+48.760628
15	+1168.214613	-0.012573	+0.000005	+56.054922
16	+1201.106598	-0.013771	+0.000006	+54.527654


